06000000 00000500 00000000 00101000 
00000C00 00000000 00000C00 00000000 
00000C00 00000000 00000C00 00000000 
00000C00 00000000 00000C00 00000000 
00000C00 00000000 00000C00 00000000 
00000C00 00000000 00000C00 00000000 
00000C00 00000000 00000C00 00000000 
00000C00 00000000 00000C00 00000000 
00000C00 00000000 00000C00 00000000 
00000C00 00000000 00000C00 00000000 
00000C00 00000000 00000C00 00000000 
00000C00 00000000 00000C00 00000000 
00000C00 00000000 00000C00 00000000 
00000C00 00000000 00000C00 00000000 
00000C00 00000000 00000C00 00000000 
00000C00 00000000 00000C00 00000000 
00000C00 00000000 00000C00 00000000 
00000C00 00000000 00000C00 00000000 
00001000 00000000 00000C00 00000000 
00000C00 00000000 00000C00 00000000 
00000C00 00000000 00000C00 00000000 
00000C00 00000000 00000C00 00000000 
00000C00 00000000 00000C00 00000000 
00000C00 00000000 00000C00 00000000 
00000C00 00000000 00000C00 00000000 
00000C00 00000000 00000C00 00000000 
00000C00 00000000 00000C00 00000000 
00000C00 00000000 00000C00 00000000 
00000C00 00000000 00000C00 00000000 
00000C00 00000000 00000C00 00000000 
00000C00 00000000 00000C00 00000000 
00000C00 00000000 00000C00 00000000 
00000C00 00000000 00000C00 00000000 
00000C00 00000000 00000C00 00000000 
00000C00 00000000 00000C00 00000000 
00000C00 00000000 00000C00 00000000 
00000C00 00000000 00000C00 00000000 
00000C00 00000000 00000C00 00000000 
00000C00 00000000 00000C00 00000000 
00000C00 00000000 00000C00 00000000 
00000C00 00000000 00000C00 00000000 
00000C00 00000000 00000C00 00000000 
00000C00 00000000 00000C00 00000000 
00000C00 00000000 00000C00 00000000 
00000C00 00000000 00000C00 00000000 
00000C00 00000000 00000C00 00000000 
00000C00 00000000 00000C00 00000000 
00000C00 00000000 00000C00 00000000 
00000D00 00000000 00000D00 00000000 
00000D00 00000000 00000D00 00000000 
00000D00 00000000 00000D00 00000000 
00000D00 00000000 00000D00 00000000 
00000D00 00000000 00000D00 00000000 
00000D00 00000000 00000D00 00000000 
00000D00 00000000 00000D00 00000000 
00000D00 00000000 00000D00 00000000 
00000D00 00000000 00000D00 00000000 
00000D00 00000000 00000D00 00000000 
00000D00 00000000 00000D00 00000000 
00000D00 00000000 00000D00 00000000 
00000D00 00000000 00000D00 00000000 
00000D00 00000000 00000D00 00000000 
00000D00 00000000 00000D00 00000000 
00000D00 00000000 00000D00 00000000 
00000000 00000000 00000000 00000000 
00000000 00000000 00000000 00000000 
00000000 00000000 00000000 00000000 
00000000 00000000 00000000 00000000 
00000000 00000000 00000000 00000000 
00000000 00000000 00000000 00000000 
00000000 00000000 00000000 00000000 
00000000 00000000 00000000 00000000 
00000000 00000000 00000000 00000000 
00000000 00000000 00000000 00000000 
00000000 00000000 00000000 00000000 
00000000 00000000 00000000 00000000 
00000000 00000000 00000000 00000000 
00000000 00000000 00000000 00000000 
00000000 00000000 00000000 00000000 
00000000 00000000 00000000 00000000 
E002000C E4800000 00010800 E4800000 
FFFFFFFF E4803000 00101000 E4802000 
00102000 E6840000 E8842000 E8841008 
E2020000 04C40000 223141E1 0000005D 
04C43220 00000000 9A56210F 05844000 
00000190 04041164 04041220 04880000 
00554003 00100010 04480000 00004103 
00100014 04845000 00100018 04865208 
82800000 000006C0 80800000 000006B8 
A0200049 82800000 000006C0 83800000 
000006C4 00000000 20041164 2014515C 
52042140 30040000 5A842000 70842090 
0A840000 90000141 92040000 82800000 
00000800 04048100 04041107 04040108 
DE000104 04048101 0404010F DE000104 
04048103 04040102 04041101 DE000104 
04048104 16849000 000006C8 0404A103 
DE000104 82800000 000012C8 82800000 
00001280 18849008 04040248 04048102 
04041101 DE000104 708490C5 04040248 
04048102 04041101 DE000104 708490C5 
04040248 04048102 04041101 DE000104 
708490C5 04040248 04048102 04041101 
DE000104 04044102 04840000 00002000 
82800000 00000800 31080000 000B8040 
31280000 000B8041 54044101 40000220 
00000061 4404016F 65040100 A03FF0F2 
3C040100 A01FF0F0 00000000 A01FF0B4 
86000000 87000000 20555043 34324447 
20323330 2E76202D 5F0A3031 6F72700A 
74206176 6F747365 63206120 206F7061 
63784500 69747065 203A6E6F 0000AA00 
34567890 00000012 00000000 00000000 
00000000 00000000 00000000 00000000 
00000000 00000000 00000000 00000000 
00000000 00000000 00000000 00000000 
00000000 00000000 00000000 00000000 
00000000 00000000 00000000 00000000 
00000000 00000000 00000000 00000000 
00000000 00000000 00000000 00000000 
00000000 00000000 00000000 00000000 
00000000 00000000 00000000 00000000 
00000000 00000000 00000000 00000000 
00000000 00000000 00000000 00000000 
00000000 00000000 00000000 00000000 
00000000 00000000 00000000 00000000 
00000000 00000000 00000000 00000000 
00000000 00000000 00000000 00000000 
18841000 20840208 18841000 29841200 
A03FF2FD 86000000 00000000 00000000 
00000000 00000000 00000000 00000000 
00000000 00000000 00000000 00000000 
00000000 00000000 00000000 00000000 
00000000 00000000 00000000 00000000 
00000000 00000000 00000000 00000000 
00000000 00000000 00000000 00000000 
00000000 00000000 00000000 00000000 
00000000 00000000 00000000 00000000 
00000000 00000000 00000000 00000000 
00000000 00000000 00000000 00000000 
00000000 00000000 00000000 00000000 
00000000 00000000 00000000 00000000 
00000000 00000000 00000000 00000000 
00000000 00000000 00000000 00000000 
00000000 00000000 00000000 00000000 
00000000 00000000 00000000 00000000 
00000000 00000000 00000000 00000000 
00000000 00000000 00000000 00000000 
00000000 00000000 00000000 00000000 
00000000 00000000 00000000 00000000 
00000000 00000000 00000000 00000000 
00000000 00000000 00000000 00000000 
00000000 00000000 00000000 00000000 
00000000 00000000 00000000 00000000 
00000000 00000000 00000000 00000000 
00000000 00000000 00000000 00000000 
00000000 00000000 00000000 00000000 
00000000 00000000 00000000 00000000 
00000000 00000000 00000000 00000000 
00000000 00000000 00000000 00000000 
00000000 00000000 00000000 00000000 
00000000 00000000 00000000 00000000 
00000000 00000000 00000000 00000000 
00000000 00000000 00000000 00000000 
00000000 00000000 00000000 00000000 
00000000 00000000 00000000 00000000 
00000000 00000000 00000000 00000000 
00000000 00000000 00000000 00000000 
00000000 00000000 00000000 00000000 
00000000 00000000 00000000 00000000 
00000000 00000000 00000000 00000000 
00000000 00000000 00000000 00000000 
00000000 00000000 00000000 00000000 
00000000 00000000 00000000 00000000 
00000000 00000000 00000000 00000000 
00000000 00000000 00000000 00000000 
00000000 00000000 00000000 00000000 
00000000 00000000 00000000 00000000 
00000000 00000000 00000000 00000000 
00000000 00000000 00000000 00000000 
00000000 00000000 00000000 00000000 
00000000 00000000 00000000 00000000 
00000000 00000000 00000000 00000000 
00000000 00000000 00000000 00000000 
00000000 00000000 00000000 00000000 
00000000 00000000 00000000 00000000 
00000000 00000000 00000000 00000000 
00000000 00000000 00000000 00000000 
00000000 00000000 00000000 00000000 
00000000 00000000 00000000 00000000 
00000000 00000000 00000000 00000000 
00000000 00000000 00000000 00000000 
04048103 04040104 0404110A DE000104 
04048104 16849000 000006F1 0404A10F 
DE000104 E8840110 0404110F 82800000 
000011C4 04040120 82800000 00001228 
E8840120 0404110F 82800000 000011C4 
04040120 82800000 00001228 E8840138 
04041104 82800000 00001204 A01FF0FF 
EC000000 00000000 00000000 00000000 
00000000 00000000 00000000 00000000 
00000000 00000000 00000000 00000000 
00000000 00000000 00000000 00000000 
00000000 00000000 00000000 00000000 
00000000 00000000 00000000 00000000 
00000000 00000000 00000000 00000000 
00000000 00000000 00000000 00000000 
00000000 00000000 00000000 00000000 
EC000000 00000000 00000000 00000000 
00000000 00000000 00000000 00000000 
00000000 00000000 00000000 00000000 
00000000 00000000 00000000 00000000 
00000000 00000000 00000000 00000000 
00000000 00000000 00000000 00000000 
00000000 00000000 00000000 00000000 
00000000 00000000 00000000 00000000 
00000000 00000000 00000000 00000000 
00000000 00000000 00000000 00000000 
00000000 00000000 00000000 00000000 
00000000 00000000 00000000 00000000 
00000000 00000000 00000000 00000000 
00000000 00000000 00000000 00000000 
00000000 00000000 00000000 00000000 
00000000 00000000 00000000 00000000 
00000000 00000000 00000000 00000000 
00000000 00000000 00000000 00000000 
00000000 00000000 00000000 00000000 
00000000 00000000 00000000 00000000 
00000000 00000000 00000000 00000000 
00000000 00000000 00000000 00000000 
00000000 00000000 00000000 00000000 
00000000 00000000 00000000 00000000 
00000000 00000000 00000000 00000000 
00000000 00000000 00000000 00000000 
00000000 00000000 00000000 00000000 
00000000 00000000 00000000 00000000 
00000000 00000000 00000000 00000000 
00000000 00000000 00000000 00000000 
00000000 00000000 00000000 00000000 
00000000 00000000 00000000 00000000 
00000000 00000000 00000000 00000000 
00000000 00000000 00000000 00000000 
00000000 00000000 00000000 00000000 
00000000 00000000 00000000 00000000 
00000000 00000000 00000000 00000000 
00000000 00000000 00000000 00000000 
00000000 00000000 00000000 00000000 
00000000 00000000 00000000 00000000 
00000000 00000000 00000000 00000000 
00000000 00000000 00000000 00000000 
00000000 00000000 00000000 00000000 
00000000 00000000 00000000 00000000 
00000000 00000000 00000000 00000000 
00000000 00000000 00000000 00000000 
00000000 00000000 00000000 00000000 
00000000 00000000 00000000 00000000 
29048105 A0200303 508481FF 80888000 
0000101C 0B040000 EC000000 00001030 
00001050 00001084 00001090 000012A8 
04842000 000B8000 04843000 000003D8 
40043200 30843000 40043208 A000009C 
04842000 000B8000 04841000 000007D0 
708400C0 52040120 04542200 A28410FE 
0A080000 00100100 0A080000 00100101 
A000008F 82800000 00001228 A000008C 
04080200 00100100 04080208 00100101 
82800000 000010AC A0000085 0A842000 
04042400 00100101 38842150 20842000 
000B8000 0A848000 04048400 00100100 
20842240 20842240 86000000 5004010F 
20040130 29040139 86200200 20040107 
86000000 8804A110 0A16A000 6584011F 
5AA40100 90800200 0404012D 82A00100 
00001228 92840000 3C84010A 90800200 
05840200 A0200007 12840000 20040130 
0416A200 92840000 50840000 0000FFFF 
A01FF0F5 05040850 A0200003 82800000 
00001228 A01FF0FB 8A84A000 86000000 
8804A110 90800208 0A16A000 6584011F 
5AA40100 90800200 0404012D 82A00100 
00001228 92840000 0A841000 3CC4010A 
05C40200 A0200003 20041130 0416A208 
A01FF0F9 92841000 05040850 A0200003 
82800000 00001228 A01FF0FB 8A84A000 
86000000 708400C5 90800200 82800000 
00001204 92840000 708400C5 90800200 
82800000 00001204 92840000 708400C5 
90800200 82800000 00001204 92840000 
708400C5 04049200 700400A2 82800000 
000010DC 82800000 00001228 04040248 
82800000 000010DC 82800000 000010AC 
2904010A A0200007 04142200 04142208 
30080000 00100100 29080128 00100100 
86200200 0A080000 00100100 30080000 
00100101 29080118 00100101 32280300 
00100101 82A00300 00001288 86000000 
0404010A A01FF0E8 04842000 000B8000 
04848150 20842240 04841000 00000780 
06542A41 86000000 05040A48 A0200004 
04041250 82800000 00001228 A01FF0FA 
05040101 EC000000 04840210 0404110E 
82800000 000011C4 0404013B 82800000 
00001228 04040120 82800000 00001228 
90800248 04440248 704400C2 04041108 
82800000 00001204 92840000 04041108 
82800000 00001204 82800000 00001280 
04840210 04041105 82800000 00001160 
82800000 00001280 04840000 000004D2 
04041107 82800000 000010F4 82800000 
00001280 04840000 FFFFFB2D 04041107 
82800000 000010F4 86000000 

